Offset		Values
------		------
0x0000:		19 50 80 07 00 00 00 00 00 00 00 00 00 00 00 00 
0x0010:		00 00 00 00 00 00 00 00 00 00 00 00 00 00 00 00 
0x0020:		00 00 00 00 00 00 00 00 00 00 00 00 00 00 00 00 
0x0030:		00 00 00 00 00 00 00 00 00 00 00 00 00 00 00 00 
0x0040:		00 00 00 00 00 00 00 00 00 00 00 00 00 00 00 00 
0x0050:		00 00 00 00 00 03 32 01 44 11 2c 01 44 11 49 01 
0x0060:		88 01 48 01 44 11 47 01 22 55 46 01 11 ff 1d 01 
0x0070:		88 01 1c 01 44 11 ff ff ff ff 01 03 07 09 ff 00 
0x0080:		19 41 58 49 4f 4d 20 20 20 20 20 20 20 20 20 20 
0x0090:		20 48 b0 2d 4d 43 50 34 59 31 30 2d 4e 30 30 33 
0x00a0:		2d 41 58 20 41 33 41 58 4d 50 4f 53 50 41 30 31 
0x00b0:		37 32 34 20 20 20 32 36 30 36 30 34 20 20 20 20 
0x00c0:		20 20 20 20 20 20 20 20 00 01 43 23 05 06 09 0f 
0x00d0:		00 00 00 02 0a 00 00 00 00 00 00 00 00 00 61 00 
0x00e0:		33 38 30 30 33 33 31 34 34 34 46 33 00 00 00 00 
0x00f0:		00 00 00 00 00 00 00 00 00 00 00 00 00 00 00 00 
